286
18388092789540
95480956637086
57584132585821
58118169850284
95192325530798
19266427204171
74527040134948
29790980271773
19533282979496
15978726038399
69474776660122
73370598091935
43006481119272
36888124580520
06178158795218
72559279285463
91962590623538
03414729298106
65137978807888
07314288339976
89496878539251
95858661687989
90651409121883
38672014446701
81063237641475
88049236761169
53029444401855
18222781767984
03835069843774
55820123862492
15456062775196
71964278352066
07228882189028
38052088067705
66117528581226
59212343825043
69195623228474
03380877580403
36920982649374
40237223950918
28483912598843
20302454391289
99587002247415
24247968751163
87392279297728
23963249065259
54306295314695
36835679181716
20476017934052
96362591601452
42004861648013
67216219426570
35099225406224
10676011643568
83333022372787
86125325497326
36919248787189
46056920742104
79979050896652
46945994352070
02433517138182
55426387920593
98088890225886
00885620847357
54240711295129
49481991239774
96461196448888
05972631589748
28464489720709
64805146547753
39565704978911
36786601834860
19682697927389
56287012415934
76573741972383
75420681051055
61168302011114
83475787402783
37616768643890
58673415350753
33923797700827
62856538972162
72162245767841
03981750568929
35202011593811
16738542087918
50475853084737
85219449009156
63412242888381
93248766825698
36668966173941
26423484744530
07753245711434
37064097651033
38333741496831
11825286995613
77169378555658
81781955772903
40323753903887
60653112101424
83448806125215
14287565962733
15704954988957
27588779678635
94838819231166
69362048583787
93029043077088
18598711739273
95730376531620
56370338800978
65803614926653
08391018097067
09512196595095
47663775018104
47669567829651
36948207213958
52913701937019
41517269865965
30107060490506
01099987897392
80596876099286
66821604952088
13811056495739
08434940683833
36170278583096
64425496634461
02591346785453
70433016784788
48820766029113
74593211665146
10368756013053
04815354209199
46869676629713
45035928620604
65195768382537
25543291162035
82904669982627
56540698304109
68335312102378
85501004927364
55221287535089
96813603606161
74296568673262
70589221510433
32553079222966
36617218602007
07793968753955
66272648847285
06389516140289
69765909922904
04566923836592
08671263515815
64792072253612
82574942514860
46640109428211
80369024517722
68701150805116
21102177433643
98108825775853
29620279376380
03291587405008
82740045440534
14276731646548
35613243320746
33947859549633
45814707770854
91937511665351
00368808025887
35633223687954
96116634551168
36143735769774
62199134208365
16088117344442
19058652836212
40216928459692
58087474714193
73320282272520
76125346485327
43847420154155
73310105294816
85152777908899
01279655535358
06687985114597
58713159430207
06077894583065
39494150280410
74830233075187
56284169530342
74842317302874
70091280183203
46007791892671
19000648226880
56075308633684
69271399508805
31306331271356
07454793585743
43828588798437
37548053516317
73884133871781
78857505696035
13069149887229
05748241646880
62324455162446
63409230356905
62256860383033
70705475633549
25328020556039
43622976996433
72422599611578
16644210544420
03992604384224
34972920390305
83268140230597
55032866171166
31497512016997
25089302563621
59395972023055
45780681151668
14152782023151
01203697490932
56352474948511
83652805607779
85872831529588
94560759894234
58323857224797
65556743096407
41743059245631
63704187581847
74541599783163
89878067049914
73899932039126
72522618209975
14539211818387
45449122102987
65678684460044
43211729187741
51536351494671
79559092323095
04704050226497
71267554261149
87915560102094
53796480733123
17414060288690
95692468907544
37734027149181
29840559821663
50263170342849
88728681789481
82876102552832
83307129784586
58043868561195
63634362702960
90478277803497
98864792910598
61655110313977
40721960355782
43177241177549
97190161234359
58292880762936
93240449299508
36544876595917
87383921132119
37878267946410
52681846751573
15902297991862
09116552152464
29015280147579
68621698037708
44050366190637
50051445054956
47443770410594
58306435441863
74293701968964
77390843141824
41616013303567
50614311718946
07543304730838
07188782215825
41833910772491
64287288163614
27439700513477
01507387339375
75280297406822
10277475766773
05047768914344
91677372984196
